Here are some random numbers, now guess the flag
131
133
203
41
107
11
53
11
25
236
124
4
220
107
146
127
121
204
156
100
59
75
242
95
217
44
44
71
135
171
85
171
57
12
92
167
231
139
181
139
153
108
252
132
92
235
18
255
249
76
28
228
188
203
117
207
89
172
188
199
7
43
213
43
185
140
204
39
103
11
53
15
25
236
124
4
219
107
149
107
121
219
140
100
59
75
242
95
217
44
44
68
155
171
85
175
57
27
76
164
252
139
181
143
153
108
252
135
71
235
21
239
249
76
28
228
187
203
117
207
89
187
172
196
27
43
213
43
185
140
204
36
124
11
53
15
25
236
105
115
141
91
